N = 5. Quantum Noise = 0.0.
Average rewards = [0.33559295479085843, 0.05623995327548028, 0.016241769950149178, 0.5769689407010051, 3.248901824460814, 0.5794429467830056, 4.639741327198704, 0.05822422572257714, 0.020569485809618107, 0.2243593053066076, 0.20619677965357278, 0.2865698156808325, 0.3782168338164061, 0.49307359781487986, 0.5354404409787274, 0.5295376489531005, 1.2592243617588812, 2.2608813628225057, 4.395282994117879, 0.9870716581457709, 3.9027268762626774, 0.28947237113256113, 1.0405724991393217, 1.5843875117644988, 0.13430033604557434, 1.6058568944145413, 0.18629132848104651, 3.4433622677557905, 0.16624498397451992, 0.0567086233589104, 1.1702876338521266, 0.31367833739424517, 0.5957899982730764, 0.6413365600598347, 7.638917994729292, 0.5044804647456829, 0.40453998852526896, 1.193246498248599, 0.3417281848302893, 0.15070956168292451, 2.8108158329916986, 0.7862603580275306, 0.5039469248083895, 0.21294302209440313, 0.14753078260035446, 5.493542764591445, 3.764219628288771, 0.18435644320084754, 2.5603258891786673]
Fairness factor = [0.41857443753907836, 0.5398861683583437, 0.4321115095873684, 0.39803994912228485, 0.20625253986011663, 0.375542046645628, 0.25959232708671764, 0.32045193762654367, 0.37047506950633746, 0.4162702970506597, 0.2195758663227991, 0.2798398929609287, 0.3515036683280991, 0.49077288848284595, 0.45839040698688394, 0.34640203848819157, 0.20254774193017105, 0.20830896133145563, 0.20704453865119707, 0.38700274188382905, 0.22748838694079287, 0.641684485312249, 0.21929141256787216, 0.3750657096866543, 0.2768451321895978, 0.20785090435278641, 0.3402141767890512, 0.2333506322513334, 0.4634669419277908, 0.27183023542593343, 0.20750427735106272, 0.2650591492614139, 0.23423113481394925, 0.22817001123794609, 0.20901864433902476, 0.5166146417664222, 0.23021264797750293, 0.30575434403232593, 0.3110544633817628, 0.5491656181877957, 0.2166877860123579, 0.4329447014706883, 0.3537436582521325, 0.28462420635080055, 0.3919588296062558, 0.21029003794990025, 0.35397855164980907, 0.6109854305583593, 0.2814384905176159]

N = 5. Quantum Noise = 0.001.
Average rewards = [1.7525135642386467, 1.781979347436929, 1.3653788514728131, 2.3259661103708384, 1.3517511924598704, 1.7404242350021772, 2.453603981462343, 1.8596302122332304, 1.5999196911012115, 1.6385010836791625, 0.9325173642632784, 2.3962949614743483, 2.687091253426639, 2.595052676285319, 1.7961092406692878, 1.804358226068457, 1.5971915220072075, 1.1641407915860906, 1.6487111456782981, 2.955841132786382, 1.7600722294701767, 1.8445405919650675, 1.724464065039864, 1.7209674823196572, 1.4911128706910337, 1.120667146499243, 2.193037135949706, 4.693164008804809, 1.8012322549625028, 1.7753568656800855, 1.7122651924743695, 0.9096566342720492, 2.3099043816319753, 1.7601097954721476, 1.255677357494464, 1.8164770114161213, 1.7651189065572424, 1.6536547679245306, 2.420035912996067, 2.6173950167497315, 3.8359643046977787, 2.0280884389800113, 1.7542243832189781, 1.6359920280395974, 1.566592923411549, 1.6895474407412712, 1.5288802432806992, 1.7781735473794589, 1.6339728542358658]
Fairness factor = [0.973038157594296, 0.8890885348197949, 0.8226423005402513, 0.30916929645658514, 0.42981534067662824, 0.7057672305705865, 0.5400661319089193, 0.9724784396926406, 0.8730788405517995, 0.8938362662200235, 0.541327651160873, 0.5700205622285935, 0.41995939016368644, 0.49199694282451567, 0.9707825537772296, 0.8697984838519073, 0.8513339602200155, 0.7631197909418563, 0.6144762583248893, 0.572339410893096, 0.5680418168060731, 0.9621818645444914, 0.8947623864024905, 0.7928456801963077, 0.7313738674328093, 0.37524902717586256, 0.4524844885968267, 0.31095777327492863, 0.9486448576545096, 0.9189314854555385, 0.8603272696254279, 0.7607561621743447, 0.5731293747260261, 0.7964316086522211, 0.6267071417475716, 0.9734851253969892, 0.938153416119005, 0.8333883714337671, 0.5521047669492605, 0.7162454686030856, 0.25351774337101557, 0.4815950685250829, 0.9628754383528998, 0.9573910739436761, 0.7585275101056778, 0.7819421537583285, 0.582877174843599, 0.3141669968658048, 0.5506563239148461]

N = 5. Quantum Noise = 0.003.
Average rewards = [1.800938908969827, 1.5816098412702047, 1.4150804692770382, 1.4805881290675214, 1.206299138297808, 1.4244734933849643, 0.8300350870654444, 1.812218218538477, 1.7637669733263117, 1.5205970213220241, 2.1035271452650264, 2.5343630039318024, 3.2717381109942445, 1.4375523197109303, 1.7880217229600437, 1.7557472046835345, 1.3822739463395264, 1.2968082972690977, 2.316507920802238, 1.083336972100925, 1.868747052178989, 1.7298432925985714, 1.7474401269724271, 1.4300697615770437, 1.0399482486497789, 1.2261742615632854, 0.7635542226228549, 1.186155690205753, 1.7810553836363092, 1.7862610710904123, 1.218458592866987, 0.8718317114596477, 2.5478955090015196, 3.334487974314669, 3.5001463819658407, 1.7911321478739974, 1.5921432688215384, 1.725499935177251, 1.3639808918426497, 1.383548390328208, 1.9816523081743915, 2.866092408027707, 1.711687092590907, 1.91004340168921, 1.967358648817818, 1.369071491132825, 3.313650212615243, 1.7870630197855988, 1.231562092605965]
Fairness factor = [0.9698292306139833, 0.9678719043574048, 0.7656163338665803, 0.6208260474443217, 0.543752721480139, 0.7961439771229669, 0.7035089155945791, 0.9418856910045733, 0.9454848992897814, 0.8027045075176499, 0.8138735535741409, 0.6623779573101751, 0.48060829835677155, 0.6771606259117448, 0.9670710355633501, 0.9185487932378114, 0.8649869123728582, 0.8251427768964632, 0.5276136796132079, 0.5946197141776464, 0.5576213003704388, 0.971391497800639, 0.9218532009796887, 0.8163764239132838, 0.5196710260327836, 0.5401023613805441, 0.5139059581848224, 0.6613718672209421, 0.9731584837385306, 0.9546312616144215, 0.8089729397929727, 0.565200958808759, 0.3391848197183472, 0.3773032448589788, 0.579530633394825, 0.9716168001066523, 0.9178208488952767, 0.6768265604848519, 0.4501636604907587, 0.4947616809968576, 0.6227431745711248, 0.711069986616532, 0.9686699108473138, 0.9515191324348033, 0.7286353261163225, 0.5764534962378057, 0.5965891070742949, 0.5762384229075148, 0.7924671049905183]

N = 5. Quantum Noise = 0.01.
Average rewards = [1.7361299378294885, 1.6710409289898462, 1.3974237523006028, 1.2622296908399673, 1.0150958367418492, 1.7420578995070963, 2.8493377723837083, 1.7738508757460894, 1.7713748112526098, 1.4376768313401869, 1.7980210166903567, 1.8508962756233642, 2.277156399082697, 3.9547480486653144, 1.7633081278645208, 1.6520119499314514, 1.804670050079348, 0.8909276602214927, 1.0109236291529802, 2.556222448292315, 3.2202653394873684, 1.769077755572392, 1.7829600098290834, 1.743361389716768, 1.6803438707007254, 2.323050096686683, 2.739837477390171, 4.201074161113586, 1.7706513119776124, 1.851208163547995, 1.81818096626489, 1.5613579806215474, 2.473742230683243, 0.8068760379299658, 2.998321431792876, 1.7388618402273301, 1.785674238740732, 1.7549578311081289, 1.8781058880926533, 1.6155406433183896, 0.6947662286303697, 1.9974583255138203, 1.7442321627337252, 1.7710410779747916, 1.8081154430228343, 1.8528407180192947, 0.9021402090553906, 0.9182152559631717, 0.8814395082035993]
Fairness factor = [0.9725073602306188, 0.9580056896599088, 0.8889260697276202, 0.5746009019573699, 0.7344547793325402, 0.6348156728673223, 0.4975966732312685, 0.9634996580119273, 0.9361953312642712, 0.8390501983238544, 0.4733941391664009, 0.5921811116221084, 0.6212255437407699, 0.3798413478989298, 0.9767958533382467, 0.9607057868892817, 0.78175135061325, 0.8888301603323149, 0.6596459441365464, 0.5461662161726374, 0.6027766251215688, 0.9809907809539485, 0.929903853708736, 0.7967330408674252, 0.6958234111959, 0.6587087555721746, 0.7036512434718606, 0.25667183133689586, 0.9863881246732229, 0.9080458332007226, 0.7532180066726202, 0.8135864421541982, 0.3513341722214113, 0.7482863692538955, 0.5279826604287349, 0.9678682446806327, 0.9405394800013459, 0.8365610176870183, 0.6573230748634197, 0.418110041886008, 0.5640564848120928, 0.7553439392092156, 0.9722171934394672, 0.9582744575112121, 0.7924733276346589, 0.6580347346590245, 0.5506496442372776, 0.761819396608161, 0.44791176054702814]

N = 5. Quantum Noise = 0.03.
Average rewards = [1.747090642781653, 1.6632745563969746, 1.3890315065367917, 1.1217245344803437, 1.3287695672717963, 2.566419095467009, 0.48150083496419727, 1.7301471689175896, 1.6107544869612196, 1.6514719652662087, 1.483229128875627, 0.9431105721243449, 2.1854902771392393, 2.437328302474021, 1.7253540706119503, 1.6705898472875191, 1.9413633917367368, 3.044106330464396, 1.0308857341166344, 1.5521404361179438, 2.0835928886812956, 1.741877140599897, 1.7205149368219252, 1.68229267556809, 1.1559287431266578, 0.847068884281884, 2.0977374814766225, 1.7052826772388832, 1.7500933452847844, 1.7496376184222109, 1.6108957103142714, 1.6546190225424984, 1.5483197029528573, 3.534029699822445, 3.080007776092282, 1.7611402010074027, 1.6996446430006675, 1.4582797586734626, 1.8492419241446434, 2.0190188243521496, 0.8663486656528537, 1.2254308870125352, 1.7765133568741835, 1.7208461047701065, 1.7178887184894491, 2.2993257149321322, 1.5797500285181478, 2.6900670140776866, 0.5873326642961081]
Fairness factor = [0.9871283161617945, 0.94828439246857, 0.9042099038767681, 0.5362115260257183, 0.3960056016486921, 0.2950647185351243, 0.6354799213243157, 0.9778840174059631, 0.9631064539478643, 0.8438117977626208, 0.7482255539113711, 0.6985923408348801, 0.7081040581211769, 0.3351907774177552, 0.9731578765306135, 0.9640030876502236, 0.8405559698680788, 0.4582961586551008, 0.7520285361573789, 0.8099717781954239, 0.7115534836220389, 0.974188002905271, 0.9569037201803451, 0.8524927615698501, 0.7352478346384852, 0.5150394786680663, 0.3597311027498415, 0.626461606421477, 0.9843840797257071, 0.9159896876442422, 0.8649268970609071, 0.8322917061285467, 0.6976024270550879, 0.4328280495958278, 0.44108041216846705, 0.988937666645375, 0.940665816401311, 0.7614794480352228, 0.5849928531072922, 0.4339633938705746, 0.7589714576505348, 0.46258967638981463, 0.9832631848711635, 0.9221187124299646, 0.7333563939147829, 0.7232297520839703, 0.6472583426379834, 0.5376204472335628, 0.2817056915704264]

N = 5. Quantum Noise = 0.1.
Average rewards = [1.7171105435390694, 1.667597648502449, 1.6669667611636552, 1.7719839075739199, 1.7564556990704723, 1.9395317496889932, 2.198707043617854, 1.6863828342471667, 1.6140784736475766, 1.620958316562155, 1.577204937480345, 1.6095439516013386, 2.5137887844539906, 2.0050593768475378, 1.6715892978567095, 1.6724224766857705, 1.8184522566494243, 1.4895132956244275, 1.6230384677648004, 2.107651296280781, 1.4766493196381667, 1.6836467522143108, 1.763975052209664, 1.567440022758885, 2.238846061755577, 2.9506582759297606, 3.309543103873564, 2.7169202701610664, 1.7349353139133983, 1.6637730835584803, 1.536746924697364, 1.1329009270826471, 2.6324884073101327, 3.1668542712598806, 1.942934958940638, 1.693997744139308, 1.735155683385053, 1.6511487058752847, 1.776502765477003, 2.0518430312041795, 1.7532728516505875, 1.6659312926317813, 1.7056397718210556, 1.6656392397787245, 1.679102677965141, 1.7218265531250614, 1.7747818988365276, 2.619449903406758, 1.776131313103601]
Fairness factor = [0.9810152053861406, 0.9604721487770653, 0.8616520527290059, 0.7675191098516047, 0.6870536064179157, 0.6802102504526579, 0.7581987791122384, 0.9856241541466468, 0.9706446375464778, 0.9584763603208026, 0.8802608093983602, 0.5854015887003484, 0.7572890481481804, 0.7038280513199978, 0.98158331649261, 0.9396772631691388, 0.7936681208251873, 0.732630216071887, 0.6908609226865858, 0.7097870815325164, 0.7904298524868665, 0.9894107670260274, 0.9298450450971917, 0.7310294604828317, 0.5730076360330029, 0.4616491922235578, 0.4447959630004085, 0.7461960418532463, 0.9897788912794114, 0.9599373007794514, 0.864638525888851, 0.813764517507911, 0.3732704486639027, 0.41399878358553766, 0.7747814615207465, 0.9892622110461944, 0.9849128502885535, 0.9645819182472722, 0.7360015229162571, 0.8111285309554834, 0.758244159137699, 0.7824267454231323, 0.9821835879810057, 0.9575988795190266, 0.8911522371437786, 0.6996864168120475, 0.45813386828401487, 0.6169195473655054, 0.5812757605578118]

N = 5. Quantum Noise = 0.3.
Average rewards = [1.6066870092660188, 1.5923097885050017, 1.6149245397861418, 1.765343827289477, 1.4860637148444673, 1.7786835347641603, 1.5571288007196793, 1.6102623614875902, 1.5979685111291242, 1.661441428305053, 1.6487416720798644, 2.0415399348896828, 1.5875519283033723, 1.4762476661826855, 1.603940921861978, 1.5863226849211434, 1.6225549175978773, 1.6301432529467093, 1.5371039701977327, 1.7900156729652308, 1.4507754428632733, 1.5988755823483642, 1.6054902858158269, 1.505806628347945, 1.779087504053385, 1.8012126733224025, 1.487560845147104, 1.7355297236316647, 1.6040495094350895, 1.600007682706307, 1.5622865746288541, 1.659957726107024, 1.629435848218841, 1.8033610106509959, 1.904332556388201, 1.6096477166917467, 1.625256709532774, 1.6091249633666673, 1.7581980709711253, 1.7253722669513027, 1.6915959026138496, 1.7685586981797783, 1.6043333048683155, 1.6014683548951683, 1.574441921933015, 1.5285005047548959, 1.4144808394200354, 2.0056666104677787, 1.9270358674910928]
Fairness factor = [0.9947823413144758, 0.9809559139226518, 0.9376059346582503, 0.9243354174841777, 0.9337973216026629, 0.9364505776240043, 0.9459435506817471, 0.9980733029232561, 0.9792934411764431, 0.9404612380532594, 0.9097521386262751, 0.8940829091392526, 0.8473690149486386, 0.9567287834273253, 0.994800392749112, 0.9827376456515774, 0.9303992730296806, 0.8731664658329492, 0.9801477536550588, 0.8839217193867034, 0.694137311752837, 0.9932283468103887, 0.9818588289811834, 0.9600145816612966, 0.9400995024553442, 0.8676912101637252, 0.8861189757408916, 0.8077657621173133, 0.9953334674946209, 0.9722443223428544, 0.9621961546310083, 0.8863495706169552, 0.8842044978585724, 0.7561849707562578, 0.7891144425131896, 0.9947763074668, 0.9864684832189503, 0.9447475867373235, 0.7792471821536034, 0.8317366148573588, 0.7666654646561664, 0.8447229814154934, 0.9929862399796454, 0.9902289019888915, 0.9231737635765314, 0.8612637827685311, 0.8667877728873558, 0.7569769944546345, 0.8450901251300896]

N = 5. Quantum Noise = 1.0.
Average rewards = [1.5698301933690333, 1.572740857798224, 1.5781314580112373, 1.6629647177056799, 1.5776148339756204, 1.7204731378381992, 1.7226838907834403, 1.5656130794203456, 1.5640201060200847, 1.553287634463133, 1.5788849442068387, 1.6503972285044055, 1.600060599304824, 1.6745141226219205, 1.5651253867371242, 1.5621099112157213, 1.567496807931526, 1.6216966022153947, 1.6164805264784492, 1.5939099610469167, 1.6734381877537101, 1.5662771453769175, 1.5669483662320491, 1.56198406038668, 1.5510327765866054, 1.5679140682225534, 1.5924675369507364, 1.7111812324673235, 1.5656908975397115, 1.5625271185200549, 1.5485503131555538, 1.729235877408444, 1.6235234153736684, 1.6218988028430061, 1.5939908314993838, 1.5639477179794996, 1.5597395984265554, 1.5586908929588266, 1.6176108141501147, 1.621877547145692, 1.5748723029048735, 1.5886728049573557, 1.5655792537582784, 1.5635538324510756, 1.6072282239090467, 1.6022059632359567, 1.6315585768329708, 1.5551924876174017, 1.5518242738650323]
Fairness factor = [0.9970742621364436, 0.9941336177264225, 0.9845633879754149, 0.9533935171545455, 0.9532478127338843, 0.9438508552204266, 0.9356988796846556, 0.9981041462042575, 0.9924204526417876, 0.9844685387560356, 0.9337557038290518, 0.9397619861878762, 0.9080087811346008, 0.9437267462371172, 0.9976337958584623, 0.9950755373961321, 0.9729084936066313, 0.9345026150293242, 0.9603649223826111, 0.963564756378568, 0.9342432359574151, 0.9965812915182658, 0.9948522331522459, 0.9718217363629867, 0.9113486410588213, 0.9393849106086963, 0.9500566191352188, 0.9251414569115083, 0.9991622591012078, 0.9985992542521419, 0.9919615279549636, 0.9602676113189661, 0.9554210813247338, 0.9678025734978696, 0.916918444850992, 0.9977630073819074, 0.9961266020845223, 0.9835095582701424, 0.9704855853429305, 0.9436618205140042, 0.9437991330910581, 0.9666635275217412, 0.9978812226563304, 0.9970971987561296, 0.9878082588698773, 0.9538030947139202, 0.9502821866798609, 0.9089192919606777, 0.9029597695873406]

---

N = 6. Quantum Noise = 0.0.

avg_rew_n0_000 = [0.22343361255072233, 0.5378583883788979, 1.4166368431024734, 0.7419846404139326, 0.4828159724923164, 0.7759253458018465, 0.9446712484530957, 0.19024477923466235, 0.7947360500265049, 1.078583682007112, 0.7295669064303325, 0.7815078909822771, 0.6310547778233954, 0.6467612838802238, 0.2512346337086356, 0.5321071980488671, 1.1850242807108557, 1.1230068517447067, 0.459093048912344, 1.0391571333265286, 0.6512521325821018, 0.2787528204553204, 0.5767681065132299, 1.0333890111001687, 0.7275603252270583, 0.5407215248026569, 1.2593709187552362, 1.4373986809375325, 0.2104504701749075, 0.4773569697392787, 1.1486576564386717, 0.7342148020729291, 0.517098108381642, 0.6367514721658244, 0.5866255184646912, 0.1039522052154127, 0.5552398755917972, 0.9717589320298672, 0.8434981340915966, 0.7095672260204958, 0.5284822029292854, 1.0440572026486319, 0.13815461516815497, 0.49918630377683615, 1.752541009721302, 0.9772434269138123, 0.657010099852494, 0.47861411659803976, 0.8164452448273873]
far_fac_n0_000 = [0.5791725644507524, 0.7923002007308901, 0.5956298510688668, 0.7884078893435378, 0.6043832884145274, 0.5219032965272877, 0.7337229662524494, 0.6290220792156314, 0.5400657383781139, 0.6846393509605061, 0.7765680609260476, 0.8059099696900891, 0.7477995068398647, 0.7129482830949536, 0.6732198404434151, 0.6429897247903906, 0.6254881337687699, 0.7574711492715763, 0.6574759641777415, 0.7006904300504624, 0.6744213801243227, 0.5221463495454958, 0.7366001750628351, 0.7341255913622814, 0.8120369274082166, 0.7313084992461483, 0.6022952332233411, 0.5141942510711512, 0.6061243220124408, 0.9167465067478816, 0.8238488210506765, 0.8132374130618925, 0.8526056949632782, 0.7580012523702319, 0.6015000895044132, 0.8479443924194965, 0.7808812704069236, 0.8174382324633424, 0.7119366666235117, 0.7111067793124094, 0.8866656681730647, 0.6824736326668704, 0.7327412384418918, 0.7054008421633531, 0.5717984759577857, 0.5921095066196981, 0.5815554837255298, 0.6424596414700516, 0.6824408113979529]

avg_rew_n0_001 = [1.4066244367083895, 1.0100834031197736, 0.8940155900666834, 0.7163599562548891, 1.0828395887028284, 0.5336250726043343, 1.2537996466697439, 1.6706590326648634, 1.1422801300574215, 0.8642705309974157, 0.5204864551655517, 1.1328821084247587, 2.065863766259732, 1.24267963795875, 1.5062250967311221, 1.2417130764857007, 1.116321187196864, 0.6913245747492625, 0.43981755195378625, 1.7610626121465893, 1.902644989551678, 1.470554852816811, 1.307492688662984, 0.7532904738665327, 0.7893156648994325, 0.7279376196014661, 2.4539110645202964, 1.8749868662476652, 1.53765404132704, 1.2826143808884618, 0.9765305227429472, 0.7769440516420257, 1.2566900771230824, 1.8426014980207903, 4.111984576900125, 1.4935593419789324, 1.3299364298271565, 1.169905817484588, 0.8397845877675602, 1.0519639624325836, 1.8170686421415485, 0.6891621052481518, 1.6889458249343783, 1.4322991109700407, 0.8197601949027343, 0.529985334638676, 1.1185237554758307, 0.9154100480853203, 3.6978860336553474]
far_fac_n0_001 = [0.9532842271207803, 0.8803604611004101, 0.8403725820325262, 0.6316976177117464, 0.6013609332231998, 0.6625103465579015, 0.5672319584428039, 0.9444576594464615, 0.8644515332361578, 0.91554440361973, 0.6908496320588153, 0.552504739083324, 0.3275234773321872, 0.6243490985824475, 0.9621278280305499, 0.8287227811144493, 0.7009261301499204, 0.5513137411291347, 0.47704706317581813, 0.7643079889982647, 0.6825838486989401, 0.9551572733767587, 0.8595021493520281, 0.7924229833193177, 0.6129620733461553, 0.4068399832869792, 0.6707290336823589, 0.645909457307287, 0.9188568112364018, 0.88410563887008, 0.7159133968698175, 0.691856356631506, 0.1905031050570314, 0.4519646529888899, 0.3700678431707611, 0.9580699953103982, 0.8627282029172071, 0.6134738818341953, 0.7115487206371941, 0.7020982803318261, 0.42799526831851387, 0.4918436824032355, 0.951975077040736, 0.8541685979165567, 0.7898661491754788, 0.30172128020926225, 0.4928199058882711, 0.5847511697400879, 0.6189959720452951]

avg_rew_n0_003 = [1.5977313764701468, 0.8497533224053821, 0.8861289794907521, 2.5334589525457574, 2.4260541075719373, 1.5178262819531634, 0.8057412143260871, 0.6143665314154637, 0.8857141564461775, 1.2294642329263676, 1.480502055941769, 0.8733850275176207, 1.1598978222345633, 0.42169665377474014, 1.935544702925098, 1.5044369949368148, 0.8198905325659835, 1.9243548121903102, 1.0455357948464115, 0.7084508561618412, 1.4700480111145078, 1.006786959906447, 0.9137447984503679, 2.9940858429216433, 0.37546177307510314]
far_fac_n0_003 = [0.955123674933315, 0.8940735059384829, 0.5852279914227456, 0.6455521508379547, 0.5725536013925011, 0.9687021491013741, 0.8797986348166975, 0.6988585484487335, 0.44566778521982575, 0.5802929402704015, 0.9658936512810609, 0.923615783838704, 0.7645119621111038, 0.5063694060868213, 0.246714701715342, 0.9816252511663297, 0.8671126086787219, 0.49814115761609107, 0.590666775939162, 0.355561683182931, 0.9791019361861112, 0.6652785752990658, 0.7836816387395762, 0.3801518713203366, 0.40689535722034165]