Players = 2. Gamma = 0.000000. Number of actions = 4096. 
 [[ 0.  0.]
 [ 0. 20.]
 [20.  0.]
 [ 0.  0.]]
01 ---> [[[3100, 1220], 0.3396], [[3100, 1220], 0.1475]] ---> No convergence achieved
02 ---> [[[3100, 1220], 0.3396], [[2682, 3260], 1.033]] ---> No convergence achieved
03 ---> [[[3100, 1220], 0.3396], [[2682, 3260], 1.033]] ---> No convergence achieved
04 ---> [[[3865, 3710], 0.4497], [[2682, 3260], 1.033]] ---> No convergence achieved
[[[3865, 3710], 0.4497], [[2682, 3260], 1.033]]
Average Reward of Player 0 = 0.184119.
Average Reward of Player 1 = 0.508983.
Average over all players = 0.346551.

---

Players = 3. Gamma = 0.000000. Number of actions = 4096. 
 [[ 0.  0.  0.]
 [ 0.  0. 30.]
 [ 0. 30.  0.]
 [ 0.  0.  0.]
 [30.  0.  0.]
 [ 0.  0.  0.]
 [ 0.  0.  0.]
 [ 0.  0.  0.]]
01 ---> [[[3052, 3052, 3228], 0.0369], [[3052, 3052, 3228], 0.0342], [[3052, 3052, 3228], 0.1911]] ---> No convergence achieved
02 ---> [[[1777, 3387, 4090], 0.0896], [[1777, 3387, 4090], 0.1115], [[3052, 3052, 3228], 0.1911]] ---> No convergence achieved
03 ---> [[[1777, 3387, 4090], 0.0896], [[1777, 3387, 4090], 0.1115], [[3052, 3052, 3228], 0.1911]] ---> No convergence achieved
04 ---> [[[1777, 3387, 4090], 0.0896], [[1777, 3387, 4090], 0.1115], [[3052, 3052, 3228], 0.1911]] ---> No convergence achieved
05 ---> [[[1777, 3387, 4090], 0.0896], [[1777, 3387, 4090], 0.1115], [[3052, 3052, 3228], 0.1911]] ---> No convergence achieved
06 ---> [[[3469, 3275, 2289], 0.1124], [[1777, 3387, 4090], 0.1115], [[3052, 3052, 3228], 0.1911]] ---> No convergence achieved
[[[3469, 3275, 2289], 0.1124], [[1777, 3387, 4090], 0.1115], [[3052, 3052, 3228], 0.1911]]
Average Reward of Player 0 = 0.054525.
Average Reward of Player 1 = 0.037801.
Average Reward of Player 2 = 0.041135.
Average over all players = 0.044487.

---

Players = 4. Gamma = 0.000000. Number of actions = 4096. 
 [[ 0.  0.  0.  0.]
 [ 0.  0.  0. 40.]
 [ 0.  0. 40.  0.]
 [ 0.  0.  0.  0.]
 [ 0. 40.  0.  0.]
 [ 0.  0.  0.  0.]
 [ 0.  0.  0.  0.]
 [ 0.  0.  0.  0.]
 [40.  0.  0.  0.]
 [ 0.  0.  0.  0.]
 [ 0.  0.  0.  0.]
 [ 0.  0.  0.  0.]
 [ 0.  0.  0.  0.]
 [ 0.  0.  0.  0.]
 [ 0.  0.  0.  0.]
 [ 0.  0.  0.  0.]]
01 ---> [[[533, 2590, 3037, 979], 0.0257], [[533, 2590, 3037, 979], 0.0333], [[533, 2590, 3037, 979], 0.03], [[533, 2590, 3037, 979], 0.0199]] ---> No convergence achieved
02 ---> [[[3564, 1235, 3420, 1943], 0.0322], [[533, 2590, 3037, 979], 0.0333], [[533, 2590, 3037, 979], 0.03], [[3564, 1235, 3420, 1943], 0.0288]] ---> No convergence achieved
03 ---> [[[3564, 1235, 3420, 1943], 0.0322], [[533, 2590, 3037, 979], 0.0333], [[3085, 2048, 2698, 2988], 0.0406], [[3564, 1235, 3420, 1943], 0.0288]] ---> No convergence achieved
04 ---> [[[3564, 1235, 3420, 1943], 0.0322], [[24, 642, 1299, 2796], 0.0411], [[3085, 2048, 2698, 2988], 0.0406], [[3564, 1235, 3420, 1943], 0.0288]] ---> No convergence achieved
05 ---> [[[1125, 2185, 1522, 916], 0.0422], [[24, 642, 1299, 2796], 0.0411], [[3085, 2048, 2698, 2988], 0.0406], [[3564, 1235, 3420, 1943], 0.0288]] ---> No convergence achieved
06 ---> [[[1125, 2185, 1522, 916], 0.0422], [[24, 642, 1299, 2796], 0.0411], [[3085, 2048, 2698, 2988], 0.0406], [[3564, 1235, 3420, 1943], 0.0288]] ---> No convergence achieved
07 ---> [[[1125, 2185, 1522, 916], 0.0422], [[24, 642, 1299, 2796], 0.0411], [[3085, 2048, 2698, 2988], 0.0406], [[3834, 3999, 2064, 3020], 0.0521]] ---> No convergence achieved
08 ---> [[[1125, 2185, 1522, 916], 0.0422], [[24, 642, 1299, 2796], 0.0411], [[3085, 2048, 2698, 2988], 0.0406], [[3834, 3999, 2064, 3020], 0.0521]] ---> No convergence achieved
09 ---> [[[1125, 2185, 1522, 916], 0.0422], [[24, 642, 1299, 2796], 0.0411], [[3085, 2048, 2698, 2988], 0.0406], [[3834, 3999, 2064, 3020], 0.0521]] ---> No convergence achieved
[[[1125, 2185, 1522, 916], 0.0422], [[24, 642, 1299, 2796], 0.0411], [[3085, 2048, 2698, 2988], 0.0406], [[3834, 3999, 2064, 3020], 0.0521]]
Average Reward of Player 0 = 0.001135.
Average Reward of Player 1 = 0.001251.
Average Reward of Player 2 = 0.000751.
Average Reward of Player 3 = 0.000900.
Average over all players = 0.001009.

---

Players = 5. Gamma = 0.000000. Number of actions = 4096. 
 [[ 0.  0.  0.  0.  0.]
 [ 0.  0.  0.  0. 50.]
 [ 0.  0.  0. 50.  0.]
 [ 0.  0.  0.  0.  0.]
 [ 0.  0. 50.  0.  0.]
 [ 0.  0.  0.  0.  0.]
 [ 0.  0.  0.  0.  0.]
 [ 0.  0.  0.  0.  0.]
 [ 0. 50.  0.  0.  0.]
 [ 0.  0.  0.  0.  0.]
 [ 0.  0.  0.  0.  0.]
 [ 0.  0.  0.  0.  0.]
 [ 0.  0.  0.  0.  0.]
 [ 0.  0.  0.  0.  0.]
 [ 0.  0.  0.  0.  0.]
 [ 0.  0.  0.  0.  0.]
 [50.  0.  0.  0.  0.]
 [ 0.  0.  0.  0.  0.]
 [ 0.  0.  0.  0.  0.]
 [ 0.  0.  0.  0.  0.]
 [ 0.  0.  0.  0.  0.]
 [ 0.  0.  0.  0.  0.]
 [ 0.  0.  0.  0.  0.]
 [ 0.  0.  0.  0.  0.]
 [ 0.  0.  0.  0.  0.]
 [ 0.  0.  0.  0.  0.]
 [ 0.  0.  0.  0.  0.]
 [ 0.  0.  0.  0.  0.]
 [ 0.  0.  0.  0.  0.]
 [ 0.  0.  0.  0.  0.]
 [ 0.  0.  0.  0.  0.]
 [ 0.  0.  0.  0.  0.]]
01 ---> [[[916, 1540, 867, 3196, 1140], 0.0108], [[916, 1540, 867, 3196, 1140], 0.0167], [[916, 1540, 867, 3196, 1140], 0.0139], [[916, 1540, 867, 3196, 1140], 0.0168], [[916, 1540, 867, 3196, 1140], 0.0085]] ---> No convergence achieved
02 ---> [[[932, 3835, 1235, 964, 279], 0.0137], [[916, 1540, 867, 3196, 1140], 0.0167], [[916, 1540, 867, 3196, 1140], 0.0139], [[916, 1540, 867, 3196, 1140], 0.0168], [[932, 3835, 1235, 964, 279], 0.0161]] ---> No convergence achieved
03 ---> [[[1204, 2320, 1508, 3952, 550], 0.0195], [[916, 1540, 867, 3196, 1140], 0.0167], [[916, 1540, 867, 3196, 1140], 0.0139], [[916, 1540, 867, 3196, 1140], 0.0168], [[932, 3835, 1235, 964, 279], 0.0161]] ---> No convergence achieved
04 ---> [[[1204, 2320, 1508, 3952, 550], 0.0195], [[916, 1540, 867, 3196, 1140], 0.0167], [[916, 1540, 867, 3196, 1140], 0.0139], [[916, 1540, 867, 3196, 1140], 0.0168], [[932, 3835, 1235, 964, 279], 0.0161]] ---> No convergence achieved
05 ---> [[[1204, 2320, 1508, 3952, 550], 0.0195], [[916, 1540, 867, 3196, 1140], 0.0167], [[916, 1540, 867, 3196, 1140], 0.0139], [[916, 1540, 867, 3196, 1140], 0.0168], [[932, 3835, 1235, 964, 279], 0.0161]] ---> No convergence achieved
06 ---> [[[1204, 2320, 1508, 3952, 550], 0.0195], [[24, 3164, 3437, 2698, 2939], 0.0172], [[24, 3164, 3437, 2698, 2939], 0.024], [[916, 1540, 867, 3196, 1140], 0.0168], [[932, 3835, 1235, 964, 279], 0.0161]] ---> No convergence achieved
07 ---> [[[1204, 2320, 1508, 3952, 550], 0.0195], [[24, 3164, 3437, 2698, 2939], 0.0172], [[24, 3164, 3437, 2698, 2939], 0.024], [[916, 1540, 867, 3196, 1140], 0.0168], [[611, 1671, 3849, 983, 916], 0.0221]] ---> No convergence achieved
08 ---> [[[1204, 2320, 1508, 3952, 550], 0.0195], [[24, 3164, 3437, 2698, 2939], 0.0172], [[2731, 2797, 3212, 3421, 1476], 0.0246], [[916, 1540, 867, 3196, 1140], 0.0168], [[611, 1671, 3849, 983, 916], 0.0221]] ---> No convergence achieved
09 ---> [[[1204, 2320, 1508, 3952, 550], 0.0195], [[24, 3164, 3437, 2698, 2939], 0.0172], [[2731, 2797, 3212, 3421, 1476], 0.0246], [[916, 1540, 867, 3196, 1140], 0.0168], [[611, 1671, 3849, 983, 916], 0.0221]] ---> No convergence achieved
10 ---> [[[1204, 2320, 1508, 3952, 550], 0.0195], [[24, 3164, 3437, 2698, 2939], 0.0172], [[2731, 2797, 3212, 3421, 1476], 0.0246], [[3054, 3533, 144, 2970, 949], 0.0247], [[611, 1671, 3849, 983, 916], 0.0221]] ---> No convergence achieved
11 ---> [[[1204, 2320, 1508, 3952, 550], 0.0195], [[24, 3164, 3437, 2698, 2939], 0.0172], [[2731, 2797, 3212, 3421, 1476], 0.0246], [[3054, 3533, 144, 2970, 949], 0.0247], [[611, 1671, 3849, 983, 916], 0.0221]] ---> No convergence achieved
[[[1204, 2320, 1508, 3952, 550], 0.0195], [[24, 3164, 3437, 2698, 2939], 0.0172], [[2731, 2797, 3212, 3421, 1476], 0.0246], [[3054, 3533, 144, 2970, 949], 0.0247], [[611, 1671, 3849, 983, 916], 0.0221]]
Average Reward of Player 0 = 0.000275.
Average Reward of Player 1 = 0.000134.
Average Reward of Player 2 = 0.000659.
Average Reward of Player 3 = 0.000209.
Average Reward of Player 4 = 0.000094.
Average over all players = 0.000274.

---

Players = 6. Gamma = 0.000000. Number of actions = 4096. 
 [[ 0.  0.  0.  0.  0.  0.]
 [ 0.  0.  0.  0.  0. 60.]
 [ 0.  0.  0.  0. 60.  0.]
 [ 0.  0.  0.  0.  0.  0.]
 [ 0.  0.  0. 60.  0.  0.]
 [ 0.  0.  0.  0.  0.  0.]
 [ 0.  0.  0.  0.  0.  0.]
 [ 0.  0.  0.  0.  0.  0.]
 [ 0.  0. 60.  0.  0.  0.]
 [ 0.  0.  0.  0.  0.  0.]
 [ 0.  0.  0.  0.  0.  0.]
 [ 0.  0.  0.  0.  0.  0.]
 [ 0.  0.  0.  0.  0.  0.]
 [ 0.  0.  0.  0.  0.  0.]
 [ 0.  0.  0.  0.  0.  0.]
 [ 0.  0.  0.  0.  0.  0.]
 [ 0. 60.  0.  0.  0.  0.]
 [ 0.  0.  0.  0.  0.  0.]
 [ 0.  0.  0.  0.  0.  0.]
 [ 0.  0.  0.  0.  0.  0.]
 [ 0.  0.  0.  0.  0.  0.]
 [ 0.  0.  0.  0.  0.  0.]
 [ 0.  0.  0.  0.  0.  0.]
 [ 0.  0.  0.  0.  0.  0.]
 [ 0.  0.  0.  0.  0.  0.]
 [ 0.  0.  0.  0.  0.  0.]
 [ 0.  0.  0.  0.  0.  0.]
 [ 0.  0.  0.  0.  0.  0.]
 [ 0.  0.  0.  0.  0.  0.]
 [ 0.  0.  0.  0.  0.  0.]
 [ 0.  0.  0.  0.  0.  0.]
 [ 0.  0.  0.  0.  0.  0.]
 [60.  0.  0.  0.  0.  0.]
 [ 0.  0.  0.  0.  0.  0.]
 [ 0.  0.  0.  0.  0.  0.]
 [ 0.  0.  0.  0.  0.  0.]
 [ 0.  0.  0.  0.  0.  0.]
 [ 0.  0.  0.  0.  0.  0.]
 [ 0.  0.  0.  0.  0.  0.]
 [ 0.  0.  0.  0.  0.  0.]
 [ 0.  0.  0.  0.  0.  0.]
 [ 0.  0.  0.  0.  0.  0.]
 [ 0.  0.  0.  0.  0.  0.]
 [ 0.  0.  0.  0.  0.  0.]
 [ 0.  0.  0.  0.  0.  0.]
 [ 0.  0.  0.  0.  0.  0.]
 [ 0.  0.  0.  0.  0.  0.]
 [ 0.  0.  0.  0.  0.  0.]
 [ 0.  0.  0.  0.  0.  0.]
 [ 0.  0.  0.  0.  0.  0.]
 [ 0.  0.  0.  0.  0.  0.]
 [ 0.  0.  0.  0.  0.  0.]
 [ 0.  0.  0.  0.  0.  0.]
 [ 0.  0.  0.  0.  0.  0.]
 [ 0.  0.  0.  0.  0.  0.]
 [ 0.  0.  0.  0.  0.  0.]
 [ 0.  0.  0.  0.  0.  0.]
 [ 0.  0.  0.  0.  0.  0.]
 [ 0.  0.  0.  0.  0.  0.]
 [ 0.  0.  0.  0.  0.  0.]
 [ 0.  0.  0.  0.  0.  0.]
 [ 0.  0.  0.  0.  0.  0.]
 [ 0.  0.  0.  0.  0.  0.]
 [ 0.  0.  0.  0.  0.  0.]]
01 ---> [[[1397, 1809, 2201, 2877, 3085, 1794], 0.0043], [[1397, 1809, 2201, 2877, 3085, 1794], 0.0052], [[1397, 1809, 2201, 2877, 3085, 1794], 0.0057], [[1397, 1809, 2201, 2877, 3085, 1794], 0.0084], [[1397, 1809, 2201, 2877, 3085, 1794], 0.008], [[1397, 1809, 2201, 2877, 3085, 1794], 0.0109]] ---> No convergence achieved
02 ---> [[[2079, 932, 1298, 517, 3500, 3835], 0.0089], [[2079, 932, 1298, 517, 3500, 3835], 0.0072], [[2079, 932, 1298, 517, 3500, 3835], 0.0057], [[2079, 932, 1298, 517, 3500, 3835], 0.0115], [[1397, 1809, 2201, 2877, 3085, 1794], 0.008], [[1397, 1809, 2201, 2877, 3085, 1794], 0.0109]] ---> No convergence achieved
03 ---> [[[2079, 932, 1298, 517, 3500, 3835], 0.0089], [[2079, 932, 1298, 517, 3500, 3835], 0.0072], [[3355, 2170, 3610, 1428, 279, 2861], 0.0074], [[2079, 932, 1298, 517, 3500, 3835], 0.0115], [[3355, 2170, 3610, 1428, 279, 2861], 0.0141], [[1397, 1809, 2201, 2877, 3085, 1794], 0.0109]] ---> No convergence achieved
04 ---> [[[2079, 932, 1298, 517, 3500, 3835], 0.0089], [[2079, 932, 1298, 517, 3500, 3835], 0.0072], [[2714, 3403, 3742, 3438, 517, 2620], 0.0132], [[2714, 3403, 3742, 3438, 517, 2620], 0.0216], [[3355, 2170, 3610, 1428, 279, 2861], 0.0141], [[2714, 3403, 3742, 3438, 517, 2620], 0.0118]] ---> No convergence achieved
05 ---> [[[2079, 932, 1298, 517, 3500, 3835], 0.0089], [[2079, 932, 1298, 517, 3500, 3835], 0.0072], [[2714, 3403, 3742, 3438, 517, 2620], 0.0132], [[2714, 3403, 3742, 3438, 517, 2620], 0.0216], [[3355, 2170, 3610, 1428, 279, 2861], 0.0141], [[2714, 3403, 3742, 3438, 517, 2620], 0.0118]] ---> No convergence achieved
06 ---> [[[2079, 932, 1298, 517, 3500, 3835], 0.0089], [[2079, 932, 1298, 517, 3500, 3835], 0.0072], [[2714, 3403, 3742, 3438, 517, 2620], 0.0132], [[2714, 3403, 3742, 3438, 517, 2620], 0.0216], [[3355, 2170, 3610, 1428, 279, 2861], 0.0141], [[2714, 3403, 3742, 3438, 517, 2620], 0.0118]] ---> No convergence achieved
07 ---> [[[2079, 932, 1298, 517, 3500, 3835], 0.0089], [[3550, 3245, 3386, 1793, 2681, 3549], 0.0127], [[2714, 3403, 3742, 3438, 517, 2620], 0.0132], [[2714, 3403, 3742, 3438, 517, 2620], 0.0216], [[3355, 2170, 3610, 1428, 279, 2861], 0.0141], [[2714, 3403, 3742, 3438, 517, 2620], 0.0118]] ---> No convergence achieved
08 ---> [[[2079, 932, 1298, 517, 3500, 3835], 0.0089], [[1553, 1027, 2814, 129, 775, 2200], 0.0128], [[2714, 3403, 3742, 3438, 517, 2620], 0.0132], [[2714, 3403, 3742, 3438, 517, 2620], 0.0216], [[3355, 2170, 3610, 1428, 279, 2861], 0.0141], [[2714, 3403, 3742, 3438, 517, 2620], 0.0118]] ---> No convergence achieved
09 ---> [[[2079, 932, 1298, 517, 3500, 3835], 0.0089], [[1553, 1027, 2814, 129, 775, 2200], 0.0128], [[2714, 3403, 3742, 3438, 517, 2620], 0.0132], [[2714, 3403, 3742, 3438, 517, 2620], 0.0216], [[3355, 2170, 3610, 1428, 279, 2861], 0.0141], [[2425, 3212, 3864, 1043, 370, 1445], 0.0123]] ---> No convergence achieved
10 ---> [[[1124, 3180, 866, 3355, 2168, 503], 0.0099], [[1553, 1027, 2814, 129, 775, 2200], 0.0128], [[2714, 3403, 3742, 3438, 517, 2620], 0.0132], [[2714, 3403, 3742, 3438, 517, 2620], 0.0216], [[3355, 2170, 3610, 1428, 279, 2861], 0.0141], [[2425, 3212, 3864, 1043, 370, 1445], 0.0123]] ---> No convergence achieved
11 ---> [[[1124, 3180, 866, 3355, 2168, 503], 0.0099], [[741, 3068, 1492, 2713, 3085, 996], 0.0132], [[2714, 3403, 3742, 3438, 517, 2620], 0.0132], [[2714, 3403, 3742, 3438, 517, 2620], 0.0216], [[3355, 2170, 3610, 1428, 279, 2861], 0.0141], [[2425, 3212, 3864, 1043, 370, 1445], 0.0123]] ---> No convergence achieved
12 ---> [[[1124, 3180, 866, 3355, 2168, 503], 0.0099], [[741, 3068, 1492, 2713, 3085, 996], 0.0132], [[2714, 3403, 3742, 3438, 517, 2620], 0.0132], [[2714, 3403, 3742, 3438, 517, 2620], 0.0216], [[3355, 2170, 3610, 1428, 279, 2861], 0.0141], [[2425, 3212, 3864, 1043, 370, 1445], 0.0123]] ---> No convergence achieved
13 ---> [[[1124, 3180, 866, 3355, 2168, 503], 0.0099], [[741, 3068, 1492, 2713, 3085, 996], 0.0132], [[2714, 3403, 3742, 3438, 517, 2620], 0.0132], [[2714, 3403, 3742, 3438, 517, 2620], 0.0216], [[3355, 2170, 3610, 1428, 279, 2861], 0.0141], [[2425, 3212, 3864, 1043, 370, 1445], 0.0123]] ---> No convergence achieved
[[[1124, 3180, 866, 3355, 2168, 503], 0.0099], [[741, 3068, 1492, 2713, 3085, 996], 0.0132], [[2714, 3403, 3742, 3438, 517, 2620], 0.0132], [[2714, 3403, 3742, 3438, 517, 2620], 0.0216], [[3355, 2170, 3610, 1428, 279, 2861], 0.0141], [[2425, 3212, 3864, 1043, 370, 1445], 0.0123]]
Average Reward of Player 0 = 0.000014.
Average Reward of Player 1 = 0.000007.
Average Reward of Player 2 = 0.000015.
Average Reward of Player 3 = 0.000004.
Average Reward of Player 4 = 0.000009.
Average Reward of Player 5 = 0.000004.
Average over all players = 0.000009.