Players = 2. Gamma = 1.570796. Number of actions = 4096. 
 [[ 0.  0.]
 [ 0. 20.]
 [20.  0.]
 [ 0.  0.]]
01 ---> [[[3519, 3855], 9.1197], [[3519, 3855], 10.3597]] ---> Convergence achieved in 5.6340%
02 ---> [[[1369, 2067], 9.238], [[3519, 3855], 10.3597]] ---> Convergence achieved in 11.4090%
03 ---> [[[1369, 2067], 9.238], [[3519, 3855], 10.3597]] ---> Convergence achieved in 9.8140%
04 ---> [[[3732, 834], 10.9669], [[3519, 3855], 10.3597]] ---> Convergence achieved in 16.7510%
[[[3732, 834], 10.9669], [[3519, 3855], 10.3597]]
Average Reward of Player 0 = 7.808463.
Average Reward of Player 1 = 11.747357.
Average over all players = 9.777910.

---

Players = 3. Gamma = 1.570796. Number of actions = 4096. 
 [[ 0.  0.  0.]
 [ 0.  0. 30.]
 [ 0. 30.  0.]
 [ 0.  0.  0.]
 [30.  0.  0.]
 [ 0.  0.  0.]
 [ 0.  0.  0.]
 [ 0.  0.  0.]]
Iterations = 10000
01 ---> [[[1929, 1452, 3119], 7.4341], [[1929, 1452, 3119], 0.5181], [[1929, 1452, 3119], 2.9912]] ---> Convergence achieved in 13.4660%
02 ---> [[[1929, 1452, 3119], 7.4341], [[3141, 2288, 1075], 1.0464], [[1929, 1452, 3119], 2.9912]] ---> No convergence achieved
03 ---> [[[1929, 1452, 3119], 7.4341], [[2965, 1308, 3292], 1.5674], [[2965, 1308, 3292], 9.3587]] ---> No convergence achieved
04 ---> [[[1929, 1452, 3119], 7.4341], [[2965, 1308, 3292], 1.5674], [[2965, 1308, 3292], 9.3587]] ---> Convergence achieved in 29.4610%
05 ---> [[[1929, 1452, 3119], 7.4341], [[804, 2807, 3537], 6.7319], [[2965, 1308, 3292], 9.3587]] ---> Convergence achieved in 47.4280%
06 ---> [[[1929, 1452, 3119], 7.4341], [[804, 2807, 3537], 6.7319], [[3556, 619, 2938], 23.8224]] ---> Convergence achieved in 29.8100%
[[[1929, 1452, 3119], 7.4341], [[804, 2807, 3537], 6.7319], [[3556, 619, 2938], 23.8224]]
Average Reward of Player 0 = 5.368738.
Average Reward of Player 1 = 2.347318.
Average Reward of Player 2 = 9.569790.
Average over all players = 5.761949.

---

Players = 4. Gamma = 1.570796. Number of actions = 4096. 
 [[ 0.  0.  0.  0.]
 [ 0.  0.  0. 40.]
 [ 0.  0. 40.  0.]
 [ 0.  0.  0.  0.]
 [ 0. 40.  0.  0.]
 [ 0.  0.  0.  0.]
 [ 0.  0.  0.  0.]
 [ 0.  0.  0.  0.]
 [40.  0.  0.  0.]
 [ 0.  0.  0.  0.]
 [ 0.  0.  0.  0.]
 [ 0.  0.  0.  0.]
 [ 0.  0.  0.  0.]
 [ 0.  0.  0.  0.]
 [ 0.  0.  0.  0.]
 [ 0.  0.  0.  0.]]
01 ---> [[[3308, 3557, 426, 3155], 1.8132], [[3308, 3557, 426, 3155], 0.1589], [[3308, 3557, 426, 3155], 0.1434], [[3308, 3557, 426, 3155], 0.3377]] ---> No convergence achieved
02 ---> [[[3308, 3557, 426, 3155], 1.8132], [[659, 3044, 2852, 384], 0.9107], [[659, 3044, 2852, 384], 0.3781], [[659, 3044, 2852, 384], 1.3124]] ---> Convergence achieved in 82.3150%
03 ---> [[[3308, 3557, 426, 3155], 1.8132], [[659, 3044, 2852, 384], 0.9107], [[3195, 1477, 2674, 3700], 1.3917], [[659, 3044, 2852, 384], 1.3124]] ---> No convergence achieved
04 ---> [[[3308, 3557, 426, 3155], 1.8132], [[659, 3044, 2852, 384], 0.9107], [[3195, 1477, 2674, 3700], 1.3917], [[997, 2859, 3422, 3188], 8.9735]] ---> No convergence achieved
05 ---> [[[3308, 3557, 426, 3155], 1.8132], [[659, 3044, 2852, 384], 0.9107], [[3195, 1477, 2674, 3700], 1.3917], [[1436, 3461, 877, 2184], 14.5514]] ---> No convergence achieved
06 ---> [[[3308, 3557, 426, 3155], 1.8132], [[659, 3044, 2852, 384], 0.9107], [[2713, 3130, 3586, 3149], 6.9634], [[1436, 3461, 877, 2184], 14.5514]] ---> No convergence achieved
07 ---> [[[271, 2956, 2680, 3820], 5.0083], [[659, 3044, 2852, 384], 0.9107], [[2713, 3130, 3586, 3149], 6.9634], [[1436, 3461, 877, 2184], 14.5514]] ---> No convergence achieved
08 ---> [[[3116, 573, 1438, 2659], 10.5568], [[659, 3044, 2852, 384], 0.9107], [[2713, 3130, 3586, 3149], 6.9634], [[1436, 3461, 877, 2184], 14.5514]] ---> No convergence achieved
09 ---> [[[3116, 573, 1438, 2659], 10.5568], [[659, 3044, 2852, 384], 0.9107], [[2713, 3130, 3586, 3149], 6.9634], [[1436, 3461, 877, 2184], 14.5514]] ---> No convergence achieved
[[[3116, 573, 1438, 2659], 10.5568], [[659, 3044, 2852, 384], 0.9107], [[2713, 3130, 3586, 3149], 6.9634], [[1436, 3461, 877, 2184], 14.5514]]
Average Reward of Player 0 = 5.415902.
Average Reward of Player 1 = 0.248254.
Average Reward of Player 2 = 0.211249.
Average Reward of Player 3 = 8.414197.
Average over all players = 3.572401.

---

Players = 5. Gamma = 1.570796. Number of actions = 4096. 
 [[ 0.  0.  0.  0.  0.]
 [ 0.  0.  0.  0. 50.]
 [ 0.  0.  0. 50.  0.]
 [ 0.  0.  0.  0.  0.]
 [ 0.  0. 50.  0.  0.]
 [ 0.  0.  0.  0.  0.]
 [ 0.  0.  0.  0.  0.]
 [ 0.  0.  0.  0.  0.]
 [ 0. 50.  0.  0.  0.]
 [ 0.  0.  0.  0.  0.]
 [ 0.  0.  0.  0.  0.]
 [ 0.  0.  0.  0.  0.]
 [ 0.  0.  0.  0.  0.]
 [ 0.  0.  0.  0.  0.]
 [ 0.  0.  0.  0.  0.]
 [ 0.  0.  0.  0.  0.]
 [50.  0.  0.  0.  0.]
 [ 0.  0.  0.  0.  0.]
 [ 0.  0.  0.  0.  0.]
 [ 0.  0.  0.  0.  0.]
 [ 0.  0.  0.  0.  0.]
 [ 0.  0.  0.  0.  0.]
 [ 0.  0.  0.  0.  0.]
 [ 0.  0.  0.  0.  0.]
 [ 0.  0.  0.  0.  0.]
 [ 0.  0.  0.  0.  0.]
 [ 0.  0.  0.  0.  0.]
 [ 0.  0.  0.  0.  0.]
 [ 0.  0.  0.  0.  0.]
 [ 0.  0.  0.  0.  0.]
 [ 0.  0.  0.  0.  0.]
 [ 0.  0.  0.  0.  0.]]
01 ---> [[[915, 526, 3324, 3004, 153], 0.0384], [[915, 526, 3324, 3004, 153], 8.4888], [[915, 526, 3324, 3004, 153], 0.1042], [[915, 526, 3324, 3004, 153], 0.0172], [[915, 526, 3324, 3004, 153], 0.0009]] ---> No convergence achieved
02 ---> [[[2963, 3601, 3849, 3709, 3245], 1.5435], [[915, 526, 3324, 3004, 153], 8.4888], [[2963, 3601, 3849, 3709, 3245], 0.1564], [[2963, 3601, 3849, 3709, 3245], 0.0533], [[2963, 3601, 3849, 3709, 3245], 0.3375]] ---> No convergence achieved
03 ---> [[[2963, 3601, 3849, 3709, 3245], 1.5435], [[915, 526, 3324, 3004, 153], 8.4888], [[2963, 3601, 3849, 3709, 3245], 0.1564], [[3252, 1428, 1652, 3719, 2063], 0.1062], [[2963, 3601, 3849, 3709, 3245], 0.3375]] ---> No convergence achieved
04 ---> [[[2963, 3601, 3849, 3709, 3245], 1.5435], [[915, 526, 3324, 3004, 153], 8.4888], [[2963, 3601, 3849, 3709, 3245], 0.1564], [[1484, 112, 3171, 1562, 3324], 0.957], [[1484, 112, 3171, 1562, 3324], 0.565]] ---> No convergence achieved
05 ---> [[[2963, 3601, 3849, 3709, 3245], 1.5435], [[915, 526, 3324, 3004, 153], 8.4888], [[3188, 2559, 2176, 3952, 3832], 1.4147], [[1484, 112, 3171, 1562, 3324], 0.957], [[1484, 112, 3171, 1562, 3324], 0.565]] ---> No convergence achieved
06 ---> [[[2963, 3601, 3849, 3709, 3245], 1.5435], [[915, 526, 3324, 3004, 153], 8.4888], [[3188, 2559, 2176, 3952, 3832], 1.4147], [[1484, 112, 3171, 1562, 3324], 0.957], [[3420, 3866, 401, 2689, 1562], 0.8582]] ---> No convergence achieved
07 ---> [[[2963, 3601, 3849, 3709, 3245], 1.5435], [[915, 526, 3324, 3004, 153], 8.4888], [[3188, 2559, 2176, 3952, 3832], 1.4147], [[2923, 989, 3388, 1244, 3022], 1.3075], [[3420, 3866, 401, 2689, 1562], 0.8582]] ---> No convergence achieved
08 ---> [[[2963, 3601, 3849, 3709, 3245], 1.5435], [[915, 526, 3324, 3004, 153], 8.4888], [[3188, 2559, 2176, 3952, 3832], 1.4147], [[2923, 989, 3388, 1244, 3022], 1.3075], [[3420, 3866, 401, 2689, 1562], 0.8582]] ---> No convergence achieved
09 ---> [[[2963, 3601, 3849, 3709, 3245], 1.5435], [[915, 526, 3324, 3004, 153], 8.4888], [[3188, 2559, 2176, 3952, 3832], 1.4147], [[2923, 989, 3388, 1244, 3022], 1.3075], [[3420, 3866, 401, 2689, 1562], 0.8582]] ---> No convergence achieved
10 ---> [[[2963, 3601, 3849, 3709, 3245], 1.5435], [[915, 526, 3324, 3004, 153], 8.4888], [[3188, 2559, 2176, 3952, 3832], 1.4147], [[2923, 989, 3388, 1244, 3022], 1.3075], [[3420, 3866, 401, 2689, 1562], 0.8582]] ---> No convergence achieved
11 ---> [[[2963, 3601, 3849, 3709, 3245], 1.5435], [[915, 526, 3324, 3004, 153], 8.4888], [[3188, 2559, 2176, 3952, 3832], 1.4147], [[2923, 989, 3388, 1244, 3022], 1.3075], [[3420, 3866, 401, 2689, 1562], 0.8582]] ---> No convergence achieved
[[[2963, 3601, 3849, 3709, 3245], 1.5435], [[915, 526, 3324, 3004, 153], 8.4888], [[3188, 2559, 2176, 3952, 3832], 1.4147], [[2923, 989, 3388, 1244, 3022], 1.3075], [[3420, 3866, 401, 2689, 1562], 0.8582]]
Average Reward of Player 0 = 0.159583.
Average Reward of Player 1 = 0.342644.
Average Reward of Player 2 = 0.044644.
Average Reward of Player 3 = 0.079777.
Average Reward of Player 4 = 0.203879.
Average over all players = 0.166106.

---

Players = 6. Gamma = 1.570796. Number of actions = 4096. 
 [[ 0.  0.  0.  0.  0.  0.]
 [ 0.  0.  0.  0.  0. 60.]
 [ 0.  0.  0.  0. 60.  0.]
 [ 0.  0.  0.  0.  0.  0.]
 [ 0.  0.  0. 60.  0.  0.]
 [ 0.  0.  0.  0.  0.  0.]
 [ 0.  0.  0.  0.  0.  0.]
 [ 0.  0.  0.  0.  0.  0.]
 [ 0.  0. 60.  0.  0.  0.]
 [ 0.  0.  0.  0.  0.  0.]
 [ 0.  0.  0.  0.  0.  0.]
 [ 0.  0.  0.  0.  0.  0.]
 [ 0.  0.  0.  0.  0.  0.]
 [ 0.  0.  0.  0.  0.  0.]
 [ 0.  0.  0.  0.  0.  0.]
 [ 0.  0.  0.  0.  0.  0.]
 [ 0. 60.  0.  0.  0.  0.]
 [ 0.  0.  0.  0.  0.  0.]
 [ 0.  0.  0.  0.  0.  0.]
 [ 0.  0.  0.  0.  0.  0.]
 [ 0.  0.  0.  0.  0.  0.]
 [ 0.  0.  0.  0.  0.  0.]
 [ 0.  0.  0.  0.  0.  0.]
 [ 0.  0.  0.  0.  0.  0.]
 [ 0.  0.  0.  0.  0.  0.]
 [ 0.  0.  0.  0.  0.  0.]
 [ 0.  0.  0.  0.  0.  0.]
 [ 0.  0.  0.  0.  0.  0.]
 [ 0.  0.  0.  0.  0.  0.]
 [ 0.  0.  0.  0.  0.  0.]
 [ 0.  0.  0.  0.  0.  0.]
 [ 0.  0.  0.  0.  0.  0.]
 [60.  0.  0.  0.  0.  0.]
 [ 0.  0.  0.  0.  0.  0.]
 [ 0.  0.  0.  0.  0.  0.]
 [ 0.  0.  0.  0.  0.  0.]
 [ 0.  0.  0.  0.  0.  0.]
 [ 0.  0.  0.  0.  0.  0.]
 [ 0.  0.  0.  0.  0.  0.]
 [ 0.  0.  0.  0.  0.  0.]
 [ 0.  0.  0.  0.  0.  0.]
 [ 0.  0.  0.  0.  0.  0.]
 [ 0.  0.  0.  0.  0.  0.]
 [ 0.  0.  0.  0.  0.  0.]
 [ 0.  0.  0.  0.  0.  0.]
 [ 0.  0.  0.  0.  0.  0.]
 [ 0.  0.  0.  0.  0.  0.]
 [ 0.  0.  0.  0.  0.  0.]
 [ 0.  0.  0.  0.  0.  0.]
 [ 0.  0.  0.  0.  0.  0.]
 [ 0.  0.  0.  0.  0.  0.]
 [ 0.  0.  0.  0.  0.  0.]
 [ 0.  0.  0.  0.  0.  0.]
 [ 0.  0.  0.  0.  0.  0.]
 [ 0.  0.  0.  0.  0.  0.]
 [ 0.  0.  0.  0.  0.  0.]
 [ 0.  0.  0.  0.  0.  0.]
 [ 0.  0.  0.  0.  0.  0.]
 [ 0.  0.  0.  0.  0.  0.]
 [ 0.  0.  0.  0.  0.  0.]
 [ 0.  0.  0.  0.  0.  0.]
 [ 0.  0.  0.  0.  0.  0.]
 [ 0.  0.  0.  0.  0.  0.]
 [ 0.  0.  0.  0.  0.  0.]]
01 ---> [[[3347, 2924, 3835, 3275, 779, 1308], 0.2111], [[3347, 2924, 3835, 3275, 779, 1308], 0.2784], [[3347, 2924, 3835, 3275, 779, 1308], 0.0264], [[3347, 2924, 3835, 3275, 779, 1308], 0.3256], [[3347, 2924, 3835, 3275, 779, 1308], 0.0244], [[3347, 2924, 3835, 3275, 779, 1308], 0.2238]] ---> No convergence achieved
02 ---> [[[3347, 2924, 3835, 3275, 779, 1308], 0.2111], [[3347, 2924, 3835, 3275, 779, 1308], 0.2784], [[1478, 1365, 3188, 2799, 3244, 1157], 7.6376], [[3347, 2924, 3835, 3275, 779, 1308], 0.3256], [[1478, 1365, 3188, 2799, 3244, 1157], 0.1102], [[3347, 2924, 3835, 3275, 779, 1308], 0.2238]] ---> No convergence achieved
03 ---> [[[3347, 2924, 3835, 3275, 779, 1308], 0.2111], [[3347, 2924, 3835, 3275, 779, 1308], 0.2784], [[1478, 1365, 3188, 2799, 3244, 1157], 7.6376], [[3347, 2924, 3835, 3275, 779, 1308], 0.3256], [[914, 1212, 1671, 2806, 3084, 3974], 1.2375], [[3347, 2924, 3835, 3275, 779, 1308], 0.2238]] ---> No convergence achieved
04 ---> [[[3347, 2924, 3835, 3275, 779, 1308], 0.2111], [[3347, 2924, 3835, 3275, 779, 1308], 0.2784], [[1478, 1365, 3188, 2799, 3244, 1157], 7.6376], [[3347, 2924, 3835, 3275, 779, 1308], 0.3256], [[3125, 3061, 919, 2628, 3260, 2821], 2.3398], [[3347, 2924, 3835, 3275, 779, 1308], 0.2238]] ---> No convergence achieved
05 ---> [[[3347, 2924, 3835, 3275, 779, 1308], 0.2111], [[3347, 2924, 3835, 3275, 779, 1308], 0.2784], [[1478, 1365, 3188, 2799, 3244, 1157], 7.6376], [[3347, 2924, 3835, 3275, 779, 1308], 0.3256], [[3125, 3061, 919, 2628, 3260, 2821], 2.3398], [[3347, 2924, 3835, 3275, 779, 1308], 0.2238]] ---> No convergence achieved
06 ---> [[[3347, 2924, 3835, 3275, 779, 1308], 0.2111], [[3445, 2417, 3492, 1538, 641, 2939], 0.3002], [[1478, 1365, 3188, 2799, 3244, 1157], 7.6376], [[3347, 2924, 3835, 3275, 779, 1308], 0.3256], [[3125, 3061, 919, 2628, 3260, 2821], 2.3398], [[3347, 2924, 3835, 3275, 779, 1308], 0.2238]] ---> No convergence achieved
07 ---> [[[3347, 2924, 3835, 3275, 779, 1308], 0.2111], [[3445, 2417, 3492, 1538, 641, 2939], 0.3002], [[1478, 1365, 3188, 2799, 3244, 1157], 7.6376], [[3347, 2924, 3835, 3275, 779, 1308], 0.3256], [[3125, 3061, 919, 2628, 3260, 2821], 2.3398], [[3347, 2924, 3835, 3275, 779, 1308], 0.2238]] ---> No convergence achieved
08 ---> [[[1283, 3718, 2858, 2200, 3172, 1221], 0.3761], [[1283, 3718, 2858, 2200, 3172, 1221], 0.4442], [[1478, 1365, 3188, 2799, 3244, 1157], 7.6376], [[3347, 2924, 3835, 3275, 779, 1308], 0.3256], [[3125, 3061, 919, 2628, 3260, 2821], 2.3398], [[3347, 2924, 3835, 3275, 779, 1308], 0.2238]] ---> No convergence achieved
09 ---> [[[1283, 3718, 2858, 2200, 3172, 1221], 0.3761], [[1283, 3718, 2858, 2200, 3172, 1221], 0.4442], [[1478, 1365, 3188, 2799, 3244, 1157], 7.6376], [[2852, 1788, 1115, 518, 3195, 1935], 0.5933], [[3125, 3061, 919, 2628, 3260, 2821], 2.3398], [[3347, 2924, 3835, 3275, 779, 1308], 0.2238]] ---> No convergence achieved
10 ---> [[[1283, 3718, 2858, 2200, 3172, 1221], 0.3761], [[1283, 3718, 2858, 2200, 3172, 1221], 0.4442], [[1478, 1365, 3188, 2799, 3244, 1157], 7.6376], [[2852, 1788, 1115, 518, 3195, 1935], 0.5933], [[3125, 3061, 919, 2628, 3260, 2821], 2.3398], [[3347, 2924, 3835, 3275, 779, 1308], 0.2238]] ---> No convergence achieved
11 ---> [[[1283, 3718, 2858, 2200, 3172, 1221], 0.3761], [[1283, 3718, 2858, 2200, 3172, 1221], 0.4442], [[1478, 1365, 3188, 2799, 3244, 1157], 7.6376], [[2852, 1788, 1115, 518, 3195, 1935], 0.5933], [[3125, 3061, 919, 2628, 3260, 2821], 2.3398], [[3347, 2924, 3835, 3275, 779, 1308], 0.2238]] ---> No convergence achieved
12 ---> [[[1283, 3718, 2858, 2200, 3172, 1221], 0.3761], [[1283, 3718, 2858, 2200, 3172, 1221], 0.4442], [[1478, 1365, 3188, 2799, 3244, 1157], 7.6376], [[2852, 1788, 1115, 518, 3195, 1935], 0.5933], [[3125, 3061, 919, 2628, 3260, 2821], 2.3398], [[3347, 2924, 3835, 3275, 779, 1308], 0.2238]] ---> No convergence achieved
13 ---> [[[1283, 3718, 2858, 2200, 3172, 1221], 0.3761], [[1283, 3718, 2858, 2200, 3172, 1221], 0.4442], [[1478, 1365, 3188, 2799, 3244, 1157], 7.6376], [[2852, 1788, 1115, 518, 3195, 1935], 0.5933], [[3125, 3061, 919, 2628, 3260, 2821], 2.3398], [[3347, 2924, 3835, 3275, 779, 1308], 0.2238]] ---> No convergence achieved
[[[1283, 3718, 2858, 2200, 3172, 1221], 0.3761], [[1283, 3718, 2858, 2200, 3172, 1221], 0.4442], [[1478, 1365, 3188, 2799, 3244, 1157], 7.6376], [[2852, 1788, 1115, 518, 3195, 1935], 0.5933], [[3125, 3061, 919, 2628, 3260, 2821], 2.3398], [[3347, 2924, 3835, 3275, 779, 1308], 0.2238]]
Average Reward of Player 0 = 0.021931.
Average Reward of Player 1 = 0.005501.
Average Reward of Player 2 = 6.360654.
Average Reward of Player 3 = 0.208118.
Average Reward of Player 4 = 0.044069.
Average Reward of Player 5 = 0.009410.
Average over all players = 1.108280.