Data_1:

Rq_0 =    np.mean([8.1162,  8.2474, 7.77,   8.098,  9.1432, 8.7384, 9.8276, 9.53,   6.6101, 7.9581, 8.6071, 8.1183])
Rq_0_01 = np.mean([8.9274,  9.3898, 8.3127, 8.7519, 8.7967, 9.1143, 8.9061, 9.4013, 7.3024, 8.9536, 9.2115, 9.6427])
Rq_0_02 = np.mean([9.0598,  8.7718, 8.3201, 8.6281, 9.0412, 9.0876, 7.4452, 7.6596, 9.12,   7.536,  8.9276, 8.8556])
Rq_0_03 = np.mean([6.4637, 12.0581, 7.8114, 8.845,  7.93,   8.13,   6.6077, 8.2837, 7.5971, 7.8795, 6.5654, 7.6902])
Rq_0_04 = np.mean([6.8352,  8.2624, 9.295,  8.9046, 7.6325, 8.0973, 8.6201, 8.9185, 8.9592, 8.6376, 7.9221, 8.5549])
Rq_0_05 = np.mean([8.4237,  9.8469, 8.9429, 9.3677, 9.7052, 7.614,  9.1172, 8.7412, 7.6357, 7.4141, 8.5941, 8.8205])
Rq_0_06 = np.mean([8.0343,  7.9039, 7.4109, 7.9317, 7.3507, 8.1035, 8.1955, 7.9867, 8.1479, 7.8767, 8.5601, 8.8585])
Rq_0_07 = np.mean([7.4478,  8.6414, 7.0683, 8.7683, 7.6904, 8.0792, 7.2182, 7.439,  8.4317, 8.1477, 8.655,  7.6966])
Rq_0_08 = np.mean([8.3416,  6.1784, 8.0879, 7.4903, 8.0371, 7.3979, 8.28,   7.824,  7.524,  6.964,  7.9609, 7.2721])
Rq_0_09 = np.mean([7.713,   7.5802, 7.9419, 7.3811, 7.272,  7.0672, 7.6878, 8.0734, 7.3474, 7.1794, 7.7146, 8.0858])
Rq_0_1 =  np.mean([7.2303,  7.5191, 7.4472, 7.7656, 6.8498, 6.9826, 5.8214, 6.6182, 7.0016, 8.208,  7.5343, 7.3511])
Rq_0_15 = np.mean([6.4295,  7.2383, 6.8104, 7.1192, 7.2482, 7.4626, 7.0935, 7.2943, 7.4467, 7.8587, 7.2768, 7.528 ])
Rq_0_2 =  np.mean([6.7127,  6.9183, 7.1223, 7.3039, 6.8815, 6.7751, 6.644,  6.4584, 7.982,  7.1788, 8.0762, 6.7194])
Rq_0_3 =  np.mean([5.3448,  5.0536, 5.2336, 5.2832, 5.6574, 5.7118, 5.1976, 5.2184, 5.2354, 5.3554, 5.7751, 5.7663])
Rq_0_4 =  np.mean([5.2592,  5.0784, 5.0338, 5.0098, 5.143,  5.0406, 5.1622, 5.1174, 5.032,  5.1584, 4.8539, 5.1379])
Rq_0_5 =  np.mean([5.0395,  4.9571, 5.0245, 5.0173, 5.0589, 5.1477, 5.0219, 4.9987, 4.9761, 5.1001, 5.11,   4.9644])
Rq_0_75 = np.mean([4.9387,  4.9811, 4.8266, 5.0842, 5.0494, 5.0366, 4.9488, 5.1248, 5.0331, 4.9443, 5.0329, 4.9969])
Rq_1 =    np.mean([4.9962,  4.9594, 5.0814, 4.963,  5.058,  4.9428, 5.1127, 4.9247, 5.0624, 5.0384, 5.0624, 4.9424])

Data_2:

Rq_0 =    np.mean([8.1162,  8.2474, 7.77,   8.098,  9.1432, 8.7384, 9.8276, 9.53,   8.6071, 8.1183])
Rq_0_01 = np.mean([8.9274,  9.3898, 8.3127, 8.7519, 8.7967, 9.1143, 8.9061, 9.4013, 7.3024, 8.9536])
Rq_0_02 = np.mean([9.0598,  8.7718, 8.3201, 8.6281, 9.0412, 9.0876, 7.4452, 7.6596, 9.12,   7.536 ])
Rq_0_03 = np.mean([6.4637, 12.0581, 7.8114, 8.845,  7.93,   8.13,   6.6077, 8.2837, 7.5971, 7.8795])
Rq_0_04 = np.mean([6.8352,  8.2624, 9.295,  8.9046, 7.6325, 8.0973, 8.6201, 8.9185, 8.9592, 8.6376])
Rq_0_05 = np.mean([8.4237,  9.8469, 9.7052, 7.614,  9.1172, 8.7412, 7.6357, 7.4141, 8.5941, 8.8205])
Rq_0_06 = np.mean([8.0343,  7.9039, 7.3507, 8.1035, 8.1955, 7.9867, 8.1479, 7.8767, 8.5601, 8.8585])
Rq_0_07 = np.mean([7.4478,  8.6414, 7.0683, 8.7683, 7.6904, 8.0792, 7.2182, 7.439,  8.655,  7.6966])
Rq_0_08 = np.mean([8.3416,  6.1784, 8.0879, 7.4903, 8.0371, 7.3979, 8.28,   7.824,  7.9609, 7.2721])
Rq_0_09 = np.mean([7.713,   7.5802, 7.9419, 7.3811, 7.272,  7.0672, 7.6878, 8.0734, 7.3474, 7.1794])
Rq_0_1 =  np.mean([7.2303,  7.5191, 7.4472, 7.7656, 6.8498, 6.9826, 7.0016, 8.208,  7.5343, 7.3511])
Rq_0_15 = np.mean([6.4295,  7.2383, 6.8104, 7.1192, 7.2482, 7.4626, 7.0935, 7.2943, 7.4467, 7.8587])
Rq_0_2 =  np.mean([6.7127,  6.9183, 7.1223, 7.3039, 6.8815, 6.7751, 6.644,  6.4584, 7.982,  7.1788])
Rq_0_3 =  np.mean([5.3448,  5.0536, 5.2336, 5.2832, 5.6574, 5.7118, 5.2354, 5.3554, 5.7751, 5.7663])
Rq_0_4 =  np.mean([5.2592,  5.0784, 5.0338, 5.0098, 5.143,  5.0406, 5.1622, 5.1174, 5.032,  5.1584])
Rq_0_5 =  np.mean([5.0245, 5.0173, 5.0589, 5.1477, 5.0219, 4.9987, 4.9761, 5.1001, 5.11,   4.9644 ])
Rq_0_75 = np.mean([4.8266, 5.0842, 5.0494, 5.0366, 4.9488, 5.1248, 5.0331, 4.9443, 5.0329, 4.9969 ])
Rq_1 =    np.mean([4.9962,  4.9594, 5.0814, 4.963,  5.058,  4.9428, 5.1127, 4.9247, 5.0624, 5.0384])